29.7 0 0 9.9 29.7 0
24.9 0 0 8.3 24.9 0
39.4 2.5 2.5 14.8 36.9 0
35.2 2.5 2.5 13.4 32.7 0
52.9 5.0 5.0 21.0 47.9 0
48.8 5.0 5.0 19.6 43.8 0
71.5 10.0 10.0 30.5 61.5 0
68.0 10.0 10.0 29.3 58.0 0
98.4 20.0 20.0 46.1 78.4 0
95.9 20.0 20.0 45.3 75.9 0
114.5 30.0 30.0 58.2 84.5 0
110.9 30.0 30.0 57.0 80.9 0
129.4 40.0 40.0 69.8 89.4 0
125.5 40.0 40.0 68.5 85.5 0
142.1 50.0 50.0 80.7 92.1 0
138.1 50.0 50.0 79.4 88.1 0
153.8 60.0 60.0 91.3 93.8 0
150.8 60.0 60.0 90.3 90.8 0
35.0 35.0 0.8 23.6 34.2 60.0
40.0 40.0 1.2 27.1 38.8 60.0
40.0 40.0 1.8 27.3 38.2 60.0
50.0 50.0 6.0 35.3 44.0 60.0
50.0 50.0 5.7 35.2 44.3 60.0
60.0 60.0 10.1 43.4 49.9 60.0
60.0 60.0 8.0 42.7 52.0 60.0
69.0 69.0 11.5 49.8 57.5 60.0
48.3 31.6 5.0 28.3 37.8 37.5
52.9 25.1 7.0 28.3 40.1 22.7 
63.9 12.1 9.0 28.3 53.4 2.9 
70.6 49.4 15.0 45.0 48.7 37.8
77.5 70.5 20.0 56.0 54.3 53.5 
83.9 62.1 22.0 56.0 54.4 39.7 
